52 011100010011010001001100101011110101010010010011000
52 011100010011010001001100101011110101010100010110000
52 011100010011010001001100101101110101010010010011000
52 011100010011010001001100101101110101010100010110000
52 011100010011010001001100101110110101010010010011000
52 011100010011010001001100101110110101010100010110000
52 011100010011010010001100101011110101010010010011000
52 011100010011010010001100101011110101010100010110000
52 011100010011010010001100101101110101010010010011000
52 011100010011010010001100101101110101010100010110000
52 011100010011010010001100101110110101010010010011000
52 011100010011010010001100101110110101010100010110000
