51 10010101100101000100101010101111010011001000101100
51 10010101100101000100101010101111010011001001001100
51 10010101100101000100101010101111010101001001001100
51 10010101100101000100101010110111010011001000101100
51 10010101100101000100101010110111010011001001001100
51 10010101100101000100101010110111010101001001001100
51 10010101100101000100110010101111010011001000101100
51 10010101100101000100110010101111010011001001001100
51 10010101100101000100110010101111010101001001001100
51 10010101100101000100110010110111010011001000101100
51 10010101100101000100110010110111010011001001001100
51 10010101100101000100110010110111010101001001001100
50 1001010110010100010011001011101101001100100010110
50 1001010110010100010011001011101101001100100100110
50 1001010110010100010011001011101101010100100100110
51 10010101100101000100110010111011010110001001001101
51 10010101100101000101010010111011010110001001001101
51 10010101100101001000101010101111010011001000101100
51 10010101100101001000101010101111010011001001001100
51 10010101100101001000101010101111010101001001001100
51 10010101100101001000101010110111010011001000101100
51 10010101100101001000101010110111010011001001001100
51 10010101100101001000101010110111010101001001001100
51 10010101100101001000110010101111010011001000101100
51 10010101100101001000110010101111010011001001001100
51 10010101100101001000110010101111010101001001001100
51 10010101100101001000110010110111010011001000101100
51 10010101100101001000110010110111010011001001001100
51 10010101100101001000110010110111010101001001001100
50 1001010110010100100011001011101101001100100010110
50 1001010110010100100011001011101101001100100100110
50 1001010110010100100011001011101101010100100100110
51 10010101100101001000110010111011010110001001001101
51 10010101100101001001010010111011010110001001001101
