51 10011001010101000100101010101111010101001001001100
51 10011001010101000100101010110111010101001001001100
51 10011001010101000100110010101111010101001001001100
51 10011001010101000100110010110111010101001001001100
49 100110010101010001001100101110110101010010010011
51 10011001010101000100110010111011010110001001001101
51 10011001010101000100110010111011010110001001001110
51 10011001010101000101010010111011010110001001001101
51 10011001010101000101010010111011010110001001001110
51 10011001010101001000101010101111010101001001001100
51 10011001010101001000101010110111010101001001001100
51 10011001010101001000110010101111010101001001001100
51 10011001010101001000110010110111010101001001001100
49 100110010101010010001100101110110101010010010011
51 10011001010101001000110010111011010110001001001101
51 10011001010101001000110010111011010110001001001110
51 10011001010101001001010010111011010110001001001101
51 10011001010101001001010010111011010110001001001110
