51 10011001100101000100101010101111010101001001001100
51 10011001100101000100101010110111010101001001001100
51 10011001100101000100110010101111010101001001001100
51 10011001100101000100110010110111010101001001001100
50 1001100110010100010011001011101101010100100100110
51 10011001100101000100110010111011010110001001001101
51 10011001100101000101010010111011010110001001001101
51 10011001100101001000101010101111010101001001001100
51 10011001100101001000101010110111010101001001001100
51 10011001100101001000110010101111010101001001001100
51 10011001100101001000110010110111010101001001001100
50 1001100110010100100011001011101101010100100100110
51 10011001100101001000110010111011010110001001001101
51 10011001100101001001010010111011010110001001001101
